0 0.212484 0.167112 0.197982 0.016934
0 0.559269 0.326649 0.104666 0.016934
0 0.171501 0.483512 0.103405 0.013369
1 0.812106 0.327986 0.131148 0.012478
0 0.435057 0.344920 0.196721 0.014260
0 0.636822 0.405526 0.080706 0.014260
1 0.846784 0.418449 0.152585 0.013369
0 0.341110 0.419340 0.094578 0.013369
0 0.344262 0.526292 0.121059 0.016934
0 0.662043 0.666667 0.113493 0.014260
0 0.215006 0.665330 0.165195 0.018717
1 0.587011 0.558378 0.283733 0.013369
0 0.152585 0.696524 0.075662 0.015152
0 0.162673 0.758467 0.103405 0.014260
0 0.316520 0.803922 0.126103 0.016043
0 0.731400 0.240642 0.118537 0.012478
2 0.212484 0.222371 0.200504 0.016934
2 0.206810 0.255348 0.184111 0.016934
2 0.269861 0.285205 0.310214 0.017825
1 0.848045 0.277184 0.112232 0.010695
