0 0.215686 0.101326 0.139706 0.015152
0 0.700368 0.210701 0.057598 0.016098
1 0.367034 0.210227 0.023284 0.013258
1 0.366422 0.323864 0.022059 0.013258
1 0.577206 0.283617 0.019608 0.012311
0 0.790441 0.324811 0.029412 0.015152
0 0.704657 0.170455 0.063725 0.013258
1 0.276961 0.480114 0.046569 0.013258
1 0.500000 0.436080 0.053922 0.014205
0 0.482843 0.523201 0.024510 0.016098
1 0.592525 0.630208 0.018382 0.014205
1 0.700980 0.500473 0.024510 0.014205
0 0.811887 0.566761 0.023284 0.014205
1 0.735907 0.744792 0.074755 0.014205
0 0.250613 0.762311 0.094363 0.015152
0 0.243873 0.742898 0.080882 0.016098
0 0.404412 0.707386 0.105392 0.015152
1 0.757966 0.706439 0.150735 0.011364
0 0.375000 0.813920 0.164216 0.014205
0 0.342525 0.884470 0.155637 0.017045
1 0.375000 0.479167 0.022059 0.009470
