0 0.173407 0.178030 0.094363 0.013258
0 0.199755 0.215909 0.137255 0.011364
0 0.237132 0.467803 0.072304 0.013258
0 0.463848 0.466856 0.074755 0.015152
0 0.386642 0.588068 0.055147 0.013258
0 0.254902 0.606061 0.080882 0.009470
0 0.681373 0.635417 0.080882 0.013258
0 0.520833 0.651042 0.090686 0.010417
0 0.314951 0.698864 0.127451 0.015152
0 0.191176 0.727273 0.085784 0.013258
0 0.526961 0.746212 0.078431 0.013258
0 0.270833 0.851326 0.171569 0.013258
0 0.368873 0.501420 0.073529 0.012311
0 0.556373 0.100379 0.066176 0.017045
1 0.672181 0.129261 0.113971 0.012311
1 0.729167 0.188447 0.223039 0.015152
1 0.706495 0.244318 0.185049 0.013258
1 0.707108 0.301136 0.181373 0.017045
